微单倍型名称	染色体位置	基因座	上游引物开始位置	上游引物终止位置	下游引物开始位置	下游引物终止位置
mh01FGI-001	1	None	4167333	4167355	4167622	4167600
mh01FGI-002	1	None	204664124	204664145	204664433	204664412
mh01FGI-003	1	None	161985815	161985838	161986068	161986045
mh01FGI-004	1	None	18396146	18396169	18396482	18396460
mh02FGI-007	2	None	227227634	227227658	227227830	227227808
mh03FGI-010	3	None	131927058	131927083	131927352	131927330
mh09FGI-016	9	None	132987049	132987072	132987270	132987247
mh09FGI-017	9	None	680686	680711	680881	680857
mh09FGI-018	9	None	101207379	101207403	101207629	101207607
mh09FGI-019	9	None	83193660	83193684	83193946	83193924
mh11FGI-023	11	None	79236518	79236539	79236756	79236733
mh12FGI-024	12	None	118451619	118451645	118451892	118451870
mh12FGI-025	12	None	30017252	30017271	30017505	30017483
mh13FGI-027	13	None	46291767	46291792	46292064	46292040
mh13FGI-028	13	None	53486621	53486642	53486907	53486885
mh13FGI-029	13	None	66138517	66138540	66138735	66138713
mh13FGI-030	13	None	23191367	23191390	23191602	23191579
mh15FGI-033	15	None	46578460	46578483	46578751	46578728
mh16FGI-035	16	None	7159154	7159175	7159417	7159394
mh16FGI-036	16	None	7537614	7537637	7537891	7537868
mh17FGI-037	17	None	45394927	45394949	45395224	45395201
mh17FGI-039	17	None	54864962	54864985	54865224	54865202
mh18FGI-041	18	None	78329858	78329880	78330009	78329983
mh19FGI-043	19	None	22546637	22546660	22547026	22547000
mh20FGI-045	20	None	50227672	50227699	50227897	50227872
mh20FGI-046	20	None	16532583	16532606	16532814	16532790
mh21FGI-047	21	None	26410618	26410640	26410882	26410860
mh21FGI-048	21	None	45294586	45294607	45294865	45294844
mh01FGI-053	1	None	1551410	1551432	1551718	1551696
mh02FGI-054	2	None	160222820	160222842	160223031	160223008
mh04FGI-061	4	None	3664573	3664597	3664868	3664847
mh05FGI-063	5	None	38881305	38881328	38881570	38881547
mh05FGI-067	5	None	2447906	2447928	2448139	2448117
mh09FGI-072	9	None	16795027	16795050	16795312	16795289
mh11FGI-079	11	None	100009408	100009431	100009703	100009683
mh13FGI-080	13	None	110154263	110154288	110154532	110154509
mh15FGI-081	15	None	52192709	52192732	52192941	52192918
mh16FGI-083	16	None	87447720	87447741	87447881	87447858
mh16FGI-084	16	None	81936698	81936718	81936970	81936944
mh17FGI-085	17	None	33120079	33120103	33120376	33120353
mh22FGI-089	22	None	44367685	44367708	44367922	44367901
mh22FGI-090	22	None	19963571	19963590	19963869	19963848
mh01FGI-091	1	None	85240051	85240076	85240169	85240146
mh01FGI-092	1	None	55558920	55558942	55559147	55559125
mh01FGI-093	1	None	1594543	1594568	1594724	1594703
mh01FGI-095	1	None	230684774	230684798	230684946	230684926
mh01FGI-096	1	None	235603588	235603612	235603765	235603741
mh01FGI-098	1	None	80236330	80236355	80236469	80236446
mh02FGI-107	2	None	240602395	240602417	240602618	240602595
mh02FGI-108	2	None	79025694	79025717	79025986	79025963
mh02FGI-109	2	None	102475979	102476004	102476215	102476193
mh02FGI-110	2	None	137845666	137845692	137845836	137845814
mh03FGI-112	3	None	196652988	196653013	196653234	196653210
mh03FGI-114	3	None	62047982	62048006	62048271	62048247
mh03FGI-115	3	None	134173926	134173949	134174109	134174086
mh04FGI-116	4	None	7402789	7402811	7402975	7402953
mh04FGI-117	4	None	154873415	154873438	154873512	154873490
mh04FGI-118	4	None	4324655	4324679	4324950	4324928
mh04FGI-119	4	None	8778163	8778185	8778530	8778508
mh04FGI-120	4	None	10350829	10350852	10350951	10350928
mh04FGI-122	4	None	58569846	58569872	58569981	58569958
mh04FGI-123	4	None	181874621	181874644	181874829	181874806
mh04FGI-124	4	None	8120681	8120703	8120861	8120838
mh04FGI-125	4	None	36638092	36638115	36638326	36638304
mh05FGI-126	5	None	9564919	9564942	9565082	9565059
mh05FGI-127	5	None	2136393	2136415	2136548	2136526
mh05FGI-128	5	None	107030443	107030465	107030727	107030705
mh05FGI-129	5	None	56468959	56468983	56469241	56469217
mh06FGI-131	6	None	119809172	119809194	119809271	119809244
mh06FGI-133	6	None	163606550	163606573	163606765	163606742
mh06FGI-134	6	None	23765052	23765074	23765312	23765290
mh06FGI-136	6	None	95924414	95924437	95924517	95924492
mh07FGI-138	7	None	57150358	57150381	57150529	57150508
mh07FGI-139	7	None	151821627	151821650	151821766	151821743
mh07FGI-140	7	None	25407909	25407933	25408086	25408062
mh07FGI-141	7	None	68587759	68587782	68587972	68587949
mh08FGI-144	8	None	3448835	3448862	3448968	3448946
mh08FGI-146	8	None	137028379	137028402	137028565	137028542
mh08FGI-147	8	None	62032368	62032390	62032574	62032552
mh09FGI-149	9	None	133903631	133903653	133903820	133903799
mh09FGI-151	9	None	102141514	102141539	102141763	102141741
mh09FGI-153	9	None	31196547	31196570	31196841	31196816
mh09FGI-154	9	None	6534390	6534413	6534585	6534562
mh10FGI-155	10	None	14613363	14613386	14613565	14613542
mh10FGI-156	10	None	6217588	6217610	6217827	6217805
mh10FGI-159	10	None	133152506	133152528	133152744	133152721
mh10FGI-160	10	None	24304073	24304096	24304180	24304154
mh10FGI-161	10	None	25550354	25550378	25550546	25550522
mh10FGI-162	10	None	44446433	44446457	44446717	44446690
mh10FGI-163	10	None	11288413	11288436	11288670	11288649
mh11FGI-166	11	None	23335708	23335734	23335798	23335774
mh11FGI-167	11	None	17400135	17400158	17400395	17400372
mh11FGI-169	11	None	102727821	102727844	102727974	102727951
mh11FGI-170	11	None	5854533	5854558	5854698	5854673
mh12FGI-175	12	None	40392875	40392902	40393093	40393069
mh12FGI-176	12	None	129135499	129135521	129135609	129135583
mh12FGI-177	12	None	68895943	68895965	68896036	68896016
mh13FGI-181	13	None	32979384	32979409	32979534	32979512
mh13FGI-182	13	None	111435558	111435582	111435724	111435700
mh14FGI-183	14	None	25254888	25254910	25255107	25255085
mh14FGI-184	14	None	76167577	76167601	76167703	76167677
mh14FGI-187	14	None	33520877	33520900	33521159	33521136
mh15FGI-189	15	None	43509764	43509787	43509935	43509913
mh15FGI-194	15	None	61473186	61473208	61473395	61473372
mh15FGI-195	15	None	80292224	80292247	80292508	80292486
mh16FGI-197	16	None	8781643	8781666	8781790	8781767
mh16FGI-199	16	None	60999239	60999261	60999441	60999415
mh16FGI-200	16	None	82548773	82548797	82548977	82548955
mh17FGI-201	17	None	27762163	27762186	27762423	27762402
mh13FGI-202	13	None	63435402	63435426	63435606	63435584
mh17FGI-203	17	None	2036181	2036202	2036385	2036362
mh17FGI-205	17	None	11308367	11308391	11308574	11308550
mh17FGI-207	17	None	51372382	51372404	51372484	51372464
mh18FGI-209	18	None	31141502	31141526	31141736	31141712
mh18FGI-210	18	None	53021069	53021092	53021210	53021188
mh19FGI-212	19	None	16040835	16040857	16040980	16040956
mh19FGI-213	19	None	561712	561736	561842	561819
mh19FGI-214	19	None	33273706	33273727	33273895	33273874
mh21FGI-216	21	None	14526804	14526826	14527058	14527036
mh22FGI-217	22	None	23075424	23075447	23075601	23075578
mh22FGI-218	22	None	48665093	48665119	48665268	48665245
mh22FGI-219	22	None	30404285	30404309	30404406	30404383
mh01FGI-226	1	None	226658573	226658597	226658855	226658834
mh01FGI-227	1	None	115447315	115447338	115447599	115447576
mh01FGI-228	1	None	228277544	228277565	228277788	228277766
mh01FGI-229	1	None	187103379	187103401	187103560	187103538
mh01FGI-230	1	None	214955156	214955180	214955374	214955349
mh01FGI-231	1	None	231954442	231954466	231954607	231954584
mh01FGI-232	1	None	163846084	163846106	163846371	163846349
mh01FGI-233	1	None	17381217	17381241	17381354	17381330
mh01FGI-235	1	None	56672604	56672627	56672816	56672790
mh02FGI-240	2	None	68911748	68911774	68912117	68912092
mh02FGI-241	2	None	3725611	3725631	3725828	3725806
mh02FGI-242	2	None	67729568	67729592	67729843	67729819
mh02FGI-243	2	None	38670433	38670457	38670713	38670689
mh02FGI-245	2	None	50590194	50590217	50590486	50590463
mh02FGI-247	2	None	34012855	34012877	34013077	34013053
mh02FGI-249	2	None	18101317	18101341	18101616	18101593
mh02FGI-250	2	None	132758213	132758235	132758484	132758462
mh02FGI-251	2	None	47655541	47655567	47655792	47655770
mh02FGI-252	2	None	54866539	54866567	54866757	54866734
mh02FGI-253	2	None	3168626	3168651	3168956	3168935
mh02FGI-254	2	None	105216591	105216614	105216831	105216808
mh02FGI-256	2	None	168160765	168160787	168161062	168161040
mh03FGI-257	3	None	21730133	21730157	21730385	21730361
mh03FGI-258	3	None	54802078	54802100	54802358	54802336
mh03FGI-259	3	None	26862278	26862302	26862518	26862494
mh03FGI-261	3	None	122408918	122408942	122409180	122409157
mh03FGI-263	3	None	27886418	27886440	27886616	27886593
mh03FGI-268	3	None	25027826	25027849	25028098	25028075
mh04FGI-276	4	None	154004375	154004398	154004617	154004594
mh04FGI-277	4	None	130180150	130180174	130180402	130180379
mh04FGI-278	4	None	62965600	62965620	62965792	62965768
mh04FGI-279	4	None	65534840	65534863	65535084	65535061
mh04FGI-281	4	None	13786540	13786564	13786738	13786714
mh04FGI-282	4	None	39821003	39821027	39821298	39821275
mh04FGI-283	4	None	110369092	110369113	110369241	110369219
mh04FGI-284	4	None	161502242	161502266	161502518	161502494
mh05FGI-292	5	None	93129256	93129281	93129497	93129474
mh05FGI-293	5	None	178767453	178767476	178767715	178767693
mh05FGI-294	5	None	68013911	68013934	68014209	68014186
mh06FGI-299	6	None	149889491	149889516	149889734	149889711
mh06FGI-300	6	None	155831607	155831631	155831823	155831799
mh06FGI-301	6	None	1708491	1708512	1708867	1708842
mh06FGI-302	6	None	167294058	167294082	167294354	167294330
mh06FGI-304	6	None	11450032	11450055	11450317	11450294
mh06FGI-305	6	None	14576578	14576602	14576741	14576715
mh07FGI-309	7	None	78437395	78437419	78437679	78437655
mh07FGI-310	7	None	41469255	41469278	41469444	41469421
mh07FGI-311	7	None	131134622	131134644	131134814	131134792
mh07FGI-312	7	None	156679090	156679112	156679302	156679278
mh07FGI-313	7	None	4960395	4960415	4960688	4960666
mh07FGI-314	7	None	18821433	18821456	18821621	18821596
mh08FGI-317	8	None	120817940	120817968	120818218	120818195
mh08FGI-318	8	None	34666809	34666832	34667054	34667031
mh08FGI-319	8	None	17379226	17379250	17379380	17379359
mh08FGI-320	8	None	8637770	8637794	8637857	8637832
mh08FGI-322	8	None	1874153	1874178	1874326	1874305
mh08FGI-323	8	None	6261015	6261038	6261220	6261197
mh08FGI-324	8	None	27664901	27664925	27665169	27665146
mh08FGI-325	8	None	56451217	56451242	56451362	56451341
mh08FGI-326	8	None	61086733	61086762	61086881	61086859
mh08FGI-327	8	None	132048787	132048811	132049065	132049041
mh09FGI-328	9	None	134883122	134883144	134883390	134883368
mh09FGI-330	9	None	114057685	114057707	114057949	114057927
mh09FGI-332	9	None	107669529	107669550	107669677	107669650
mh09FGI-333	9	None	131727520	131727542	131727773	131727751
mh09FGI-334	9	None	21407523	21407546	21407775	21407749
mh09FGI-336	9	None	4763258	4763281	4763549	4763528
mh10FGI-340	10	None	71799026	71799050	71799253	71799229
mh10FGI-342	10	None	98321305	98321328	98321459	98321436
mh10FGI-344	10	None	116267625	116267649	116267847	116267823
mh10FGI-346	10	None	58796946	58796969	58797233	58797210
mh10FGI-347	10	None	12555714	12555737	12555941	12555918
mh10FGI-348	10	None	12503305	12503327	12503668	12503646
mh11FGI-353	11	None	119630270	119630293	119630529	119630506
mh11FGI-355	11	None	7693771	7693796	7694060	7694037
mh11FGI-357	11	None	19998593	19998615	19998782	19998757
mh12FGI-363	12	None	82182079	82182102	82182283	82182261
mh12FGI-364	12	None	12076826	12076849	12077107	12077084
mh13FGI-366	13	None	24638177	24638200	24638410	24638389
mh13FGI-367	13	None	35877719	35877744	35877956	35877934
mh13FGI-368	13	None	58652344	58652368	58652483	58652456
mh14FGI-369	14	None	72094448	72094471	72094650	72094627
mh14FGI-370	14	None	51914425	51914446	51914588	51914565
mh14FGI-372	14	None	57983963	57983986	57984178	57984155
mh14FGI-373	14	None	67571889	67571911	67572155	67572135
mh14FGI-374	14	None	25608178	25608201	25608474	25608451
mh14FGI-375	14	None	101067285	101067307	101067584	101067562
mh14FGI-377	14	None	103109925	103109949	103110187	103110165
mh02FGI-379	2	None	52262637	52262661	52262817	52262798
mh15FGI-380	15	None	58545599	58545622	58545888	58545865
mh15FGI-381	15	None	78932261	78932283	78932445	78932422
mh15FGI-383	15	None	96844376	96844401	96844557	96844535
mh15FGI-385	15	None	38723063	38723085	38723187	38723165
mh15FGI-386	15	None	73335641	73335663	73335909	73335887
mh15FGI-387	15	None	82010114	82010136	82010342	82010320
mh16FGI-391	16	None	56542500	56542524	56542808	56542780
mh16FGI-393	16	None	8832700	8832724	8832960	8832937
mh16FGI-394	16	None	54177590	54177613	54177889	54177866
mh17FGI-400	17	None	8057714	8057737	8057922	8057898
mh17FGI-401	17	None	65553758	65553781	65553975	65553952
mh18FGI-404	18	None	49877145	49877169	49877308	49877284
mh18FGI-405	18	None	30533139	30533164	30533437	30533412
mh18FGI-406	18	None	2488269	2488293	2488471	2488447
mh19FGI-410	19	None	41422665	41422688	41422917	41422894
mh21FGI-416	21	None	27340275	27340299	27340565	27340537
mh21FGI-417	21	None	39020569	39020592	39020751	39020728
mh21FGI-418	21	None	34035281	34035304	34035487	34035464
mh22FGI-420	22	None	22559730	22559754	22560024	22560000
mh22FGI-421	22	None	18035950	18035972	18036088	18036066
mh22FGI-422	22	None	50064316	50064337	50064492	50064471
